number, label
0001, 70
0002, 85
0003, 58
0004, 41
0005, 27
0006, 60
0007, 07
0008, 35
0009, 96
0010, 35
0011, 57
0012, 64
0013, 73
0014, 47
0015, 96
0016, 47
0017, 73
0018, 14
0019, 35
0020, 50
0021, 36
0022, 45
0023, 12
0024, 67
0025, 01
0026, 48
0027, 70
0028, 76
0029, 55
0030, 42
0031, 21
0032, 92
0033, 83
0034, 02
0035, 54
0036, 20
0037, 04
0038, 61
0039, 64
0040, 18
0041, 37
0042, 28
0043, 43
0044, 90
0045, 31
0046, 82
0047, 05
0048, 50
0049, 90
0050, 09
0051, 71
0052, 52
0053, 42
0054, 12
0055, 27
0056, 50
0057, 63
0058, 41
0059, 23
0060, 27
0061, 38
0062, 72
0063, 75
0064, 10
0065, 65
0066, 33
0067, 53
0068, 51
0069, 01
0070, 82
0071, 98
0072, 36
0073, 32
0074, 20
0075, 74
0076, 75
0077, 40
0078, 24
0079, 31
0080, 42
0081, 60
0082, 21
0083, 00
0084, 46
0085, 99
0086, 60
0087, 10
0088, 79
0089, 21
0090, 77
0091, 82
0092, 73
0093, 03
0094, 22
0095, 18
0096, 17
0097, 25
0098, 21
0099, 12
0100, 06
0101, 79
0102, 50
0103, 30
0104, 06
0105, 87
0106, 39
0107, 99
0108, 69
0109, 55
0110, 00
0111, 13
0112, 13
0113, 39
0114, 64
0115, 60
0116, 71
0117, 55
0118, 52
0119, 16
0120, 27
0121, 10
0122, 11
0123, 68
0124, 74
0125, 65
0126, 61
0127, 98
0128, 17
0129, 23
0130, 73
0131, 82
0132, 83
0133, 85
0134, 94
0135, 13
0136, 50
0137, 57
0138, 01
0139, 04
0140, 67
0141, 09
0142, 57
0143, 19
0144, 01
0145, 31
0146, 27
0147, 11
0148, 07
0149, 66
0150, 82
0151, 00
0152, 73
0153, 66
0154, 03
0155, 08
0156, 49
0157, 27
0158, 79
0159, 80
0160, 47
0161, 94
0162, 63
0163, 79
0164, 34
0165, 58
0166, 34
0167, 73
0168, 12
0169, 83
0170, 74
0171, 48
0172, 46
0173, 75
0174, 38
0175, 21
0176, 39
0177, 29
0178, 67
0179, 32
0180, 27
0181, 27
0182, 04
0183, 28
0184, 15
0185, 22
0186, 20
0187, 86
0188, 91
0189, 18
0190, 99
0191, 63
0192, 67
0193, 82
0194, 23
0195, 34
0196, 43
0197, 22
0198, 06
0199, 97
0200, 76
0201, 54
0202, 28
0203, 90
0204, 93
0205, 55
0206, 61
0207, 55
0208, 00
0209, 15
0210, 46
0211, 18
0212, 64
0213, 70
0214, 07
0215, 90
0216, 35
0217, 86
0218, 81
0219, 04
0220, 36
0221, 30
0222, 62
0223, 34
0224, 04
0225, 02
0226, 24
0227, 37
0228, 67
0229, 07
0230, 19
0231, 43
0232, 39
0233, 46
0234, 05
0235, 73
0236, 57
0237, 07
0238, 88
0239, 55
0240, 32
0241, 71
0242, 57
0243, 11
0244, 70
0245, 68
0246, 72
0247, 79
0248, 24
0249, 86
0250, 39
0251, 90
0252, 32
0253, 33
0254, 12
0255, 51
0256, 99
0257, 50
0258, 77
0259, 64
0260, 73
0261, 75
0262, 15
0263, 36
0264, 96
0265, 96
0266, 03
0267, 34
0268, 96
0269, 06
0270, 78
0271, 35
0272, 55
0273, 99
0274, 12
0275, 53
0276, 78
0277, 55
0278, 04
0279, 23
0280, 03
0281, 91
0282, 51
0283, 51
0284, 60
0285, 77
0286, 04
0287, 86
0288, 70
0289, 69
0290, 94
0291, 70
0292, 04
0293, 02
0294, 94
0295, 01
0296, 66
0297, 50
0298, 95
0299, 79
0300, 66
0301, 87
0302, 35
0303, 41
0304, 42
0305, 22
0306, 25
0307, 67
0308, 31
0309, 89
0310, 63
0311, 21
0312, 37
0313, 12
0314, 18
0315, 13
0316, 46
0317, 71
0318, 43
0319, 02
0320, 00
0321, 95
0322, 33
0323, 12
0324, 27
0325, 61
0326, 32
0327, 60
0328, 18
0329, 59
0330, 03
0331, 53
0332, 33
0333, 44
0334, 70
0335, 56
0336, 17
0337, 44
0338, 56
0339, 56
0340, 52
0341, 56
0342, 07
0343, 66
0344, 83
0345, 07
0346, 12
0347, 28
0348, 78
0349, 09
0350, 79
0351, 00
0352, 86
0353, 45
0354, 24
0355, 63
0356, 04
0357, 60
0358, 42
0359, 72
0360, 24
0361, 12
0362, 42
0363, 90
0364, 91
0365, 83
0366, 19
0367, 07
0368, 10
0369, 88
0370, 67
0371, 79
0372, 45
0373, 70
0374, 63
0375, 09
0376, 00
0377, 53
0378, 77
0379, 45
0380, 27
0381, 85
0382, 97
0383, 34
0384, 96
0385, 49
0386, 90
0387, 31
0388, 16
0389, 80
0390, 67
0391, 90
0392, 85
0393, 21
0394, 70
0395, 55
0396, 25
0397, 68
0398, 99
0399, 89
0400, 30
0401, 11
0402, 42
0403, 22
0404, 57
0405, 71
0406, 34
0407, 79
0408, 03
0409, 85
0410, 56
0411, 10
0412, 78
0413, 24
0414, 96
0415, 97
0416, 39
0417, 24
0418, 28
0419, 28
0420, 01
0421, 96
0422, 56
0423, 95
0424, 97
0425, 10
0426, 60
0427, 79
0428, 88
0429, 77
0430, 42
0431, 48
0432, 17
0433, 58
0434, 21
0435, 87
0436, 85
0437, 63
0438, 55
0439, 72
0440, 78
0441, 75
0442, 85
0443, 75
0444, 44
0445, 08
0446, 16
0447, 31
0448, 69
0449, 62
0450, 33
0451, 91
0452, 27
0453, 74
0454, 21
0455, 23
0456, 16
0457, 19
0458, 90
0459, 59
0460, 79
0461, 33
0462, 83
0463, 91
0464, 04
0465, 77
0466, 13
0467, 60
0468, 78
0469, 37
0470, 58
0471, 38
0472, 31
0473, 70
0474, 31
0475, 36
0476, 85
0477, 74
0478, 88
0479, 75
0480, 14
0481, 28
0482, 38
0483, 11
0484, 97
0485, 11
0486, 05
0487, 03
0488, 19
0489, 18
0490, 55
0491, 60
0492, 14
0493, 42
0494, 91
0495, 00
0496, 40
0497, 21
0498, 93
0499, 10
0500, 83
0501, 12
0502, 37
0503, 82
0504, 27
0505, 46
0506, 70
0507, 48
0508, 31
0509, 03
0510, 22
0511, 03
0512, 51
0513, 38
0514, 71
0515, 16
0516, 52
0517, 13
0518, 70
0519, 46
0520, 95
0521, 33
0522, 04
0523, 40
0524, 80
0525, 96
0526, 18
0527, 66
0528, 33
0529, 65
0530, 25
0531, 98
0532, 05
0533, 24
0534, 34
0535, 27
0536, 44
0537, 41
0538, 55
0539, 69
0540, 18
0541, 96
0542, 37
0543, 84
0544, 87
0545, 36
0546, 04
0547, 64
0548, 96
0549, 71
0550, 34
0551, 15
0552, 04
0553, 74
0554, 71
0555, 89
0556, 44
0557, 39
0558, 45
0559, 55
0560, 01
0561, 63
0562, 18
0563, 17
0564, 27
0565, 71
0566, 45
0567, 60
0568, 17
0569, 56
0570, 92
0571, 74
0572, 85
0573, 48
0574, 90
0575, 48
0576, 65
0577, 58
0578, 97
0579, 58
0580, 23
0581, 28
0582, 41
0583, 66
0584, 79
0585, 55
0586, 14
0587, 35
0588, 04
0589, 77
0590, 71
0591, 58
0592, 05
0593, 67
0594, 12
0595, 06
0596, 50
0597, 14
0598, 22
0599, 34
0600, 96
0601, 22
0602, 95
0603, 16
0604, 27
0605, 08
0606, 63
0607, 76
0608, 06
0609, 61
0610, 16
0611, 54
0612, 17
0613, 20
0614, 93
0615, 15
0616, 50
0617, 71
0618, 04
0619, 50
0620, 19
0621, 36
0622, 47
0623, 45
0624, 99
0625, 62
0626, 90
0627, 34
0628, 05
0629, 07
0630, 69
0631, 11
0632, 68
0633, 63
0634, 63
0635, 70
0636, 68
0637, 00
0638, 49
0639, 20
0640, 14
0641, 04
0642, 44
0643, 12
0644, 64
0645, 91
0646, 06
0647, 06
0648, 02
0649, 07
0650, 02
0651, 91
0652, 83
0653, 65
0654, 07
0655, 27
0656, 40
0657, 60
0658, 82
0659, 73
0660, 31
0661, 17
0662, 41
0663, 61
0664, 84
0665, 55
0666, 71
0667, 96
0668, 55
0669, 08
0670, 18
0671, 41
0672, 23
0673, 41
0674, 82
0675, 25
0676, 04
0677, 49
0678, 51
0679, 16
0680, 01
0681, 08
0682, 65
0683, 65
0684, 07
0685, 32
0686, 79
0687, 79
0688, 27
0689, 77
0690, 85
0691, 66
0692, 81
0693, 56
0694, 71
0695, 96
0696, 98
0697, 23
0698, 54
0699, 37
0700, 30
0701, 05
0702, 17
0703, 15
0704, 80
0705, 26
0706, 28
0707, 15
0708, 90
0709, 68
0710, 28
0711, 31
0712, 74
0713, 58
0714, 18
0715, 01
0716, 42
0717, 94
0718, 36
0719, 61
0720, 18
0721, 81
0722, 79
0723, 48
0724, 88
0725, 78
0726, 19
0727, 83
0728, 23
0729, 42
0730, 63
0731, 89
0732, 38
0733, 27
0734, 55
0735, 28
0736, 21
0737, 31
0738, 35
0739, 22
0740, 96
0741, 70
0742, 66
0743, 33
0744, 26
0745, 55
0746, 90
0747, 97
0748, 18
0749, 99
0750, 57
0751, 20
0752, 06
0753, 85
0754, 41
0755, 66
0756, 79
0757, 50
0758, 91
0759, 78
0760, 10
0761, 06
0762, 90
0763, 05
0764, 61
0765, 66
0766, 87
0767, 37
0768, 47
0769, 59
0770, 52
0771, 79
0772, 41
0773, 67
0774, 08
0775, 60
0776, 54
0777, 96
0778, 93
0779, 00
0780, 73
0781, 63
0782, 83
0783, 64
0784, 84
0785, 26
0786, 70
0787, 54
0788, 24
0789, 29
0790, 76
0791, 55
0792, 70
0793, 48
0794, 66
0795, 61
0796, 03
0797, 23
0798, 13
0799, 01
0800, 55
0801, 73
0802, 78
0803, 68
0804, 30
0805, 93
0806, 73
0807, 04
0808, 56
0809, 23
0810, 22
0811, 35
0812, 90
0813, 27
0814, 29
0815, 47
0816, 95
0817, 74
0818, 09
0819, 64
0820, 98
0821, 44
0822, 46
0823, 22
0824, 37
0825, 33
0826, 84
0827, 37
0828, 90
0829, 46
0830, 23
0831, 46
0832, 25
0833, 39
0834, 10
0835, 51
0836, 20
0837, 59
0838, 26
0839, 93
0840, 09
0841, 86
0842, 07
0843, 45
0844, 42
0845, 06
0846, 74
0847, 96
0848, 66
0849, 81
0850, 95
0851, 31
0852, 90
0853, 02
0854, 66
0855, 70
0856, 18
0857, 49
0858, 87
0859, 19
0860, 02
0861, 51
0862, 16
0863, 02
0864, 55
0865, 48
0866, 82
0867, 82
0868, 64
0869, 86
0870, 10
0871, 63
0872, 20
0873, 45
0874, 32
0875, 55
0876, 60
0877, 14
0878, 71
0879, 32
0880, 01
0881, 09
0882, 66
0883, 77
0884, 70
0885, 94
0886, 48
0887, 51
0888, 96
0889, 96
0890, 36
0891, 76
0892, 67
0893, 08
0894, 66
0895, 07
0896, 74
0897, 67
0898, 81
0899, 12
0900, 96
0901, 82
0902, 35
0903, 14
0904, 85
0905, 52
0906, 81
0907, 21
0908, 12
0909, 40
0910, 76
0911, 66
0912, 91
0913, 17
0914, 88
0915, 19
0916, 67
0917, 58
0918, 24
0919, 35
0920, 27
0921, 89
0922, 35
0923, 89
0924, 45
0925, 51
0926, 73
0927, 81
0928, 44
0929, 09
0930, 10
0931, 68
0932, 13
0933, 69
0934, 55
0935, 58
0936, 34
0937, 01
0938, 67
0939, 04
0940, 86
0941, 20
0942, 99
0943, 71
0944, 27
0945, 80
0946, 13
0947, 31
0948, 04
0949, 57
0950, 57
0951, 26
0952, 90
0953, 14
0954, 20
0955, 29
0956, 87
0957, 48
0958, 00
0959, 30
0960, 96
0961, 17
0962, 04
0963, 85
0964, 03
0965, 66
0966, 69
0967, 75
0968, 60
0969, 23
0970, 07
0971, 84
0972, 33
0973, 63
0974, 16
0975, 73
0976, 71
0977, 25
0978, 92
0979, 72
0980, 66
0981, 93
0982, 94
0983, 35
0984, 27
0985, 24
0986, 08
0987, 68
0988, 90
0989, 43
0990, 10
0991, 94
0992, 03
0993, 72
0994, 92
0995, 07
0996, 48
0997, 35
0998, 26
0999, 01
1000, 95
1001, 06
1002, 73
1003, 97
1004, 89
1005, 63
1006, 87
1007, 74
1008, 20
1009, 70
1010, 25
1011, 71
1012, 85
1013, 80
1014, 23
1015, 61
1016, 11
1017, 59
1018, 71
1019, 18
1020, 26
1021, 33
1022, 91
1023, 18
1024, 19
1025, 64
1026, 39
1027, 60
1028, 05
1029, 33
1030, 96
1031, 71
1032, 41
1033, 33
1034, 96
1035, 55
1036, 88
1037, 99
1038, 08
1039, 63
1040, 25
1041, 36
1042, 06
1043, 35
1044, 55
1045, 30
1046, 29
1047, 20
1048, 86
1049, 66
1050, 79
1051, 65
1052, 01
1053, 58
1054, 35
1055, 25
1056, 48
1057, 76
1058, 00
1059, 82
1060, 08
1061, 99
1062, 55
1063, 82
1064, 98
1065, 90
1066, 81
1067, 99
1068, 68
1069, 55
1070, 06
1071, 36
1072, 04
1073, 96
1074, 71
1075, 49
1076, 21
1077, 08
1078, 90
1079, 60
1080, 56
1081, 65
1082, 90
1083, 27
1084, 94
1085, 05
1086, 37
1087, 55
1088, 07
1089, 95
1090, 85
1091, 46
1092, 50
1093, 35
1094, 41
1095, 79
1096, 09
1097, 62
1098, 49
1099, 63
1100, 54
1101, 32
1102, 55
1103, 80
1104, 08
1105, 93
1106, 04
1107, 40
1108, 49
1109, 96
1110, 74
1111, 94
1112, 63
1113, 61
1114, 60
1115, 16
1116, 38
1117, 77
1118, 22
1119, 94
1120, 93
1121, 61
1122, 69
1123, 71
1124, 26
1125, 96
1126, 03
1127, 70
1128, 77
1129, 37
1130, 96
1131, 01
1132, 98
1133, 29
1134, 31
1135, 96
1136, 76
1137, 81
1138, 62
1139, 67
1140, 94
1141, 13
1142, 67
1143, 41
1144, 09
1145, 85
1146, 15
1147, 33
1148, 10
1149, 16
1150, 41
1151, 56
1152, 60
1153, 77
1154, 85
1155, 33
1156, 86
1157, 40
1158, 96
1159, 38
1160, 08
1161, 25
1162, 97
1163, 97
1164, 55
1165, 90
1166, 41
1167, 52
1168, 50
1169, 87
1170, 04
1171, 21
1172, 04
1173, 04
1174, 52
1175, 21
1176, 26
1177, 79
1178, 08
1179, 06
1180, 53
1181, 38
1182, 24
1183, 10
1184, 70
1185, 06
1186, 94
1187, 10
1188, 05
1189, 05
1190, 70
1191, 59
1192, 86
1193, 20
1194, 29
1195, 25
1196, 67
1197, 47
1198, 03
1199, 14
1200, 68
1201, 36
1202, 18
1203, 55
1204, 72
1205, 18
1206, 26
1207, 40
1208, 57
1209, 37
1210, 43
1211, 53
1212, 20
1213, 79
1214, 65
1215, 66
1216, 23
1217, 18
1218, 43
1219, 02
1220, 42
1221, 27
1222, 21
1223, 44
1224, 18
1225, 17
1226, 69
1227, 69
1228, 63
1229, 71
1230, 28
1231, 51
1232, 04
1233, 28
1234, 21
1235, 96
1236, 05
1237, 46
1238, 97
1239, 23
1240, 76
1241, 81
1242, 35
1243, 48
1244, 20
1245, 50
1246, 52
1247, 88
1248, 34
1249, 43
1250, 90
1251, 33
1252, 96
1253, 73
1254, 12
1255, 35
1256, 99
1257, 67
1258, 32
1259, 19
1260, 27
1261, 02
1262, 65
1263, 58
1264, 75
1265, 29
1266, 58
1267, 48
1268, 15
1269, 52
1270, 94
1271, 69
1272, 79
1273, 49
1274, 55
1275, 81
1276, 75
1277, 76
1278, 23
1279, 63
1280, 63
1281, 82
1282, 78
1283, 74
1284, 93
1285, 69
1286, 90
1287, 37
1288, 66
1289, 40
1290, 34
1291, 65
1292, 67
1293, 73
1294, 55
1295, 17
1296, 55
1297, 89
1298, 41
1299, 60
1300, 71
1301, 73
1302, 32
1303, 74
1304, 65
1305, 09
1306, 01
1307, 39
1308, 09
1309, 17
1310, 22
1311, 51
1312, 32
1313, 89
1314, 98
1315, 01
1316, 99
1317, 00
1318, 85
1319, 67
1320, 71
1321, 61
1322, 71
1323, 15
1324, 97
1325, 94
1326, 20
1327, 73
1328, 57
1329, 79
1330, 84
1331, 14
1332, 51
1333, 66
1334, 04
1335, 31
1336, 93
1337, 02
1338, 98
1339, 66
1340, 90
1341, 60
1342, 38
1343, 95
1344, 34
1345, 62
1346, 31
1347, 31
1348, 16
1349, 56
1350, 58
1351, 86
1352, 65
1353, 56
1354, 30
1355, 80
1356, 76
1357, 40
1358, 37
1359, 77
1360, 52
1361, 65
1362, 27
1363, 85
1364, 20
1365, 04
1366, 85
1367, 77
1368, 91
1369, 99
1370, 62
1371, 22
1372, 67
1373, 17
1374, 24
1375, 67
1376, 96
1377, 79
1378, 50
1379, 35
1380, 88
1381, 99
1382, 50
1383, 86
1384, 04
1385, 85
1386, 60
1387, 69
1388, 09
1389, 97
1390, 60
1391, 38
1392, 71
1393, 93
1394, 77
1395, 03
1396, 75
1397, 86
1398, 40
1399, 27
1400, 10
1401, 98
1402, 19
1403, 06
1404, 98
1405, 29
1406, 40
1407, 39
1408, 10
1409, 67
1410, 23
1411, 27
1412, 46
1413, 09
1414, 35
1415, 34
1416, 79
1417, 69
1418, 69
1419, 86
1420, 87
1421, 26
1422, 35
1423, 47
1424, 60
1425, 84
1426, 33
1427, 10
1428, 29
1429, 18
1430, 33
1431, 74
1432, 18
1433, 30
1434, 63
1435, 12
1436, 55
1437, 24
1438, 62
1439, 87
1440, 55
1441, 71
1442, 72
1443, 46
1444, 70
1445, 74
1446, 43
1447, 28
1448, 79
1449, 99
1450, 25
1451, 52
1452, 92
1453, 48
1454, 22
1455, 19
1456, 96
1457, 67
1458, 00
1459, 94
1460, 82
1461, 63
1462, 38
1463, 04
1464, 74
1465, 04
1466, 07
1467, 74
1468, 04
1469, 98
1470, 12
1471, 15
1472, 39
1473, 66
1474, 70
1475, 03
1476, 29
1477, 05
1478, 41
1479, 27
1480, 24
1481, 23
1482, 39
1483, 98
1484, 94
1485, 86
1486, 61
1487, 84
1488, 94
1489, 17
1490, 26
1491, 63
1492, 67
1493, 15
1494, 65
1495, 11
1496, 79
1497, 91
1498, 84
1499, 24
1500, 20
1501, 73
1502, 68
1503, 26
1504, 32
1505, 07
1506, 03
1507, 88
1508, 70
1509, 55
1510, 16
1511, 43
1512, 36
1513, 10
1514, 95
1515, 86
1516, 53
1517, 30
1518, 45
1519, 88
1520, 12
1521, 74
1522, 92
1523, 79
1524, 71
1525, 43
1526, 23
1527, 55
1528, 18
1529, 33
1530, 45
1531, 69
1532, 64
1533, 78
1534, 85
1535, 10
1536, 31
1537, 95
1538, 63
1539, 29
1540, 85
1541, 04
1542, 78
1543, 55
1544, 63
1545, 63
1546, 23
1547, 87
1548, 93
1549, 79
1550, 88
1551, 05
1552, 84
1553, 90
1554, 21
1555, 79
1556, 85
1557, 90
1558, 96
1559, 78
1560, 90
1561, 18
1562, 60
1563, 65
1564, 66
1565, 33
1566, 65
1567, 42
1568, 48
1569, 87
1570, 88
1571, 88
1572, 09
1573, 28
1574, 48
1575, 41
1576, 14
1577, 44
1578, 56
1579, 38
1580, 74
1581, 77
1582, 50
1583, 16
1584, 91
1585, 87
1586, 57
1587, 11
1588, 09
1589, 31
1590, 33
1591, 38
1592, 85
1593, 04
1594, 44
1595, 10
1596, 01
1597, 41
1598, 13
1599, 77
1600, 92
1601, 96
1602, 62
1603, 86
1604, 76
1605, 34
1606, 95
1607, 79
1608, 10
1609, 71
1610, 69
1611, 29
1612, 36
1613, 79
1614, 97
1615, 70
1616, 55
1617, 17
1618, 84
1619, 17
1620, 69
1621, 31
1622, 32
1623, 07
1624, 00
1625, 72
1626, 78
1627, 96
1628, 57
1629, 39
1630, 78
1631, 50
1632, 70
1633, 79
1634, 56
1635, 70
1636, 43
1637, 64
1638, 79
1639, 08
1640, 28
1641, 86
1642, 95
1643, 12
1644, 71
1645, 93
1646, 05
1647, 22
1648, 28
1649, 12
1650, 56
1651, 45
1652, 89
1653, 01
1654, 32
1655, 81
1656, 72
1657, 43
1658, 14
1659, 91
1660, 41
1661, 12
1662, 40
1663, 93
1664, 27
1665, 21
1666, 13
1667, 05
1668, 05
1669, 85
1670, 97
1671, 37
1672, 20
1673, 71
1674, 70
1675, 15
1676, 93
1677, 99
1678, 36
1679, 70
1680, 38
1681, 04
1682, 18
1683, 18
1684, 91
1685, 29
1686, 65
1687, 67
1688, 65
1689, 57
1690, 06
1691, 46
1692, 57
1693, 81
1694, 04
1695, 91
1696, 30
1697, 33
1698, 20
1699, 71
1700, 75
1701, 91
1702, 39
1703, 65
1704, 42
1705, 34
1706, 71
1707, 18
1708, 13
1709, 45
1710, 69
1711, 63
1712, 32
1713, 80
1714, 09
1715, 34
1716, 50
1717, 09
1718, 22
1719, 01
1720, 60
1721, 31
1722, 66
1723, 88
1724, 44
1725, 67
1726, 49
1727, 87
1728, 18
1729, 55
1730, 63
1731, 96
1732, 97
1733, 08
1734, 15
1735, 96
1736, 58
1737, 76
1738, 33
1739, 76
1740, 04
1741, 54
1742, 66
1743, 47
1744, 41
1745, 49
1746, 71
1747, 28
1748, 77
1749, 96
1750, 77
1751, 97
1752, 61
1753, 56
1754, 63
1755, 36
1756, 28
1757, 10
1758, 32
1759, 68
1760, 39
1761, 44
1762, 85
1763, 66
1764, 59
1765, 01
1766, 59
1767, 69
1768, 09
1769, 43
1770, 63
1771, 07
1772, 47
1773, 87
1774, 10
1775, 79
1776, 87
1777, 01
1778, 70
1779, 24
1780, 63
1781, 70
1782, 76
1783, 16
1784, 04
1785, 11
1786, 04
1787, 14
1788, 15
1789, 14
1790, 12
1791, 19
1792, 69
1793, 73
1794, 43
1795, 28
1796, 75
1797, 94
1798, 42
1799, 88
1800, 95
1801, 79
1802, 30
1803, 81
1804, 42
1805, 51
1806, 57
1807, 16
1808, 02
1809, 78
1810, 65
1811, 37
1812, 85
1813, 28
1814, 59
1815, 27
1816, 30
1817, 64
1818, 61
1819, 11
1820, 01
1821, 64
1822, 76
1823, 21
1824, 17
1825, 04
1826, 48
1827, 41
1828, 80
1829, 71
1830, 00
1831, 18
1832, 67
1833, 68
1834, 79
1835, 73
1836, 26
1837, 04
1838, 28
1839, 68
1840, 79
1841, 54
1842, 54
1843, 76
1844, 62
1845, 96
1846, 09
1847, 30
1848, 83
1849, 04
1850, 57
1851, 30
1852, 79
1853, 04
1854, 76
1855, 30
1856, 79
1857, 04
1858, 53
1859, 96
1860, 38
1861, 49
1862, 99
1863, 15
1864, 32
1865, 30
1866, 95
1867, 40
1868, 39
1869, 00
1870, 70
1871, 43
1872, 90
1873, 20
1874, 30
1875, 82
1876, 51
1877, 44
1878, 61
1879, 35
1880, 29
1881, 56
1882, 71
1883, 90
1884, 79
1885, 96
1886, 79
1887, 97
1888, 16
1889, 73
1890, 63
1891, 18
1892, 83
1893, 86
1894, 60
1895, 46
1896, 60
1897, 07
1898, 19
1899, 39
1900, 64
1901, 19
1902, 82
1903, 24
1904, 20
1905, 29
1906, 55
1907, 25
1908, 14
1909, 81
1910, 27
1911, 35
1912, 96
1913, 37
1914, 68
1915, 28
1916, 33
1917, 45
1918, 79
1919, 46
1920, 90
1921, 52
1922, 79
1923, 33
1924, 72
1925, 60
1926, 22
1927, 78
1928, 49
1929, 63
1930, 43
1931, 12
1932, 81
1933, 14
1934, 71
1935, 05
1936, 58
1937, 16
1938, 01
1939, 82
1940, 81
1941, 05
1942, 97
1943, 71
1944, 99
1945, 26
1946, 11
1947, 18
1948, 98
1949, 33
1950, 07
1951, 10
1952, 57
1953, 00
1954, 72
1955, 42
1956, 17
1957, 73
1958, 27
1959, 60
1960, 90
1961, 35
1962, 31
1963, 12
1964, 18
1965, 29
1966, 00
1967, 08
1968, 12
1969, 22
1970, 71
1971, 08
1972, 02
1973, 63
1974, 16
1975, 09
1976, 90
1977, 61
1978, 90
1979, 00
1980, 94
1981, 73
1982, 73
1983, 45
1984, 89
1985, 27
1986, 73
1987, 38
1988, 57
1989, 08
1990, 81
1991, 97
1992, 91
1993, 29
1994, 21
1995, 23
1996, 22
1997, 81
1998, 04
1999, 97
2000, 71
2001, 78
2002, 50
2003, 46
2004, 91
2005, 88
2006, 27
2007, 09
2008, 66
2009, 85
2010, 04
2011, 12
2012, 50
2013, 78
2014, 71
2015, 99
2016, 62
2017, 35
2018, 19
2019, 58
2020, 83
2021, 10
2022, 55
2023, 18
2024, 21
2025, 79
2026, 67
2027, 97
2028, 95
2029, 27
2030, 24
2031, 14
2032, 32
2033, 44
2034, 12
2035, 02
2036, 63
2037, 42
2038, 33
2039, 27
2040, 10
2041, 55
2042, 10
2043, 87
2044, 45
2045, 73
2046, 02
2047, 97
2048, 17
2049, 42
2050, 79
2051, 16
2052, 65
2053, 00
2054, 53
2055, 55
2056, 06
2057, 56
2058, 91
2059, 58
2060, 12
2061, 67
2062, 24
2063, 57
2064, 50
2065, 63
2066, 98
2067, 81
2068, 02
2069, 23
2070, 03
2071, 79
2072, 77
2073, 49
2074, 03
2075, 27
2076, 24
2077, 48
2078, 00
2079, 24
2080, 97
2081, 56
2082, 77
2083, 83
2084, 57
2085, 49
2086, 88
2087, 33
2088, 31
2089, 95
2090, 64
2091, 54
2092, 73
2093, 96
2094, 05
2095, 21
2096, 37
2097, 80
2098, 38
2099, 70
2100, 06
2101, 94
2102, 33
2103, 73
2104, 99
2105, 33
2106, 58
2107, 09
2108, 94
2109, 97
2110, 03
2111, 41
2112, 75
2113, 04
2114, 56
2115, 07
2116, 71
2117, 67
2118, 24
2119, 47
2120, 78
2121, 28
2122, 88
2123, 67
2124, 73
2125, 66
2126, 79
2127, 09
2128, 27
2129, 46
2130, 50
2131, 18
2132, 86
2133, 66
2134, 24
2135, 87
2136, 62
2137, 11
2138, 52
2139, 33
2140, 91
2141, 35
2142, 06
2143, 38
2144, 93
2145, 68
2146, 84
2147, 33
2148, 19
2149, 60
2150, 61
2151, 07
2152, 71
2153, 43
2154, 73
2155, 74
2156, 57
2157, 96
2158, 01
2159, 97
2160, 00
2161, 94
2162, 39
2163, 18
2164, 87
2165, 73
2166, 62
2167, 39
2168, 16
2169, 43
2170, 84
2171, 33
2172, 77
2173, 32
2174, 68
2175, 20
2176, 04
2177, 41
2178, 12
2179, 19
2180, 72
2181, 98
2182, 67
2183, 73
2184, 79
2185, 40
2186, 32
2187, 54
2188, 05
2189, 51
2190, 68
2191, 92
2192, 70
2193, 41
2194, 76
2195, 32
2196, 27
2197, 72
2198, 05
2199, 94
2200, 07
2201, 55
2202, 29
2203, 45
2204, 04
2205, 46
2206, 40
2207, 46
2208, 51
2209, 73
2210, 43
2211, 11
2212, 70
2213, 46
2214, 60
2215, 05
2216, 67
2217, 37
2218, 26
2219, 06
2220, 12
2221, 74
2222, 51
2223, 03
2224, 17
2225, 20
2226, 71
2227, 10
2228, 33
2229, 05
2230, 50
2231, 68
2232, 36
2233, 75
2234, 29
2235, 65
2236, 76
2237, 25
2238, 71
2239, 55
2240, 12
2241, 22
2242, 85
2243, 82
2244, 04
2245, 94
2246, 67
2247, 27
2248, 64
2249, 32
2250, 19
2251, 14
2252, 39
2253, 52
2254, 52
2255, 32
2256, 65
2257, 67
2258, 60
2259, 22
2260, 47
2261, 98
2262, 76
2263, 67
2264, 76
2265, 84
2266, 58
2267, 21
2268, 44
2269, 51
2270, 22
2271, 00
2272, 69
2273, 64
2274, 96
2275, 53
2276, 45
2277, 00
2278, 28
2279, 80
2280, 96
2281, 95
2282, 88
2283, 23
2284, 58
2285, 69
2286, 74
2287, 09
2288, 01
2289, 96
2290, 09
2291, 79
2292, 90
2293, 23
2294, 73
2295, 84
2296, 04
2297, 65
2298, 08
2299, 59
2300, 45
2301, 71
2302, 33
2303, 35
2304, 90
2305, 92
2306, 30
2307, 27
2308, 85
2309, 48
2310, 33
2311, 83
2312, 49
2313, 09
2314, 74
2315, 20
2316, 35
2317, 03
2318, 55
2319, 99
2320, 25
2321, 80
2322, 78
2323, 30
2324, 84
2325, 25
2326, 32
2327, 56
2328, 09
2329, 05
2330, 59
2331, 34
2332, 68
2333, 41
2334, 04
2335, 79
2336, 95
2337, 41
2338, 45
2339, 89
2340, 27
2341, 34
2342, 78
2343, 26
2344, 29
2345, 80
2346, 45
2347, 42
2348, 48
2349, 98
2350, 45
2351, 23
2352, 34
2353, 73
2354, 68
2355, 35
2356, 95
2357, 24
2358, 09
2359, 50
2360, 07
2361, 63
2362, 56
2363, 51
2364, 99
2365, 00
2366, 66
2367, 94
2368, 82
2369, 04
2370, 23
2371, 38
2372, 18
2373, 49
2374, 76
2375, 75
2376, 21
2377, 04
2378, 52
2379, 96
2380, 01
2381, 04
2382, 60
2383, 09
2384, 66
2385, 45
2386, 00
2387, 72
2388, 10
2389, 49
2390, 87
2391, 42
2392, 71
2393, 67
2394, 12
2395, 82
2396, 60
2397, 45
2398, 71
2399, 05
2400, 55
2401, 88
2402, 72
2403, 72
2404, 65
2405, 82
2406, 69
2407, 63
2408, 42
2409, 26
2410, 69
2411, 05
2412, 82
2413, 98
2414, 33
2415, 51
2416, 59
2417, 29
2418, 67
2419, 05
2420, 63
2421, 65
2422, 95
2423, 39
2424, 50
2425, 08
2426, 86
2427, 70
2428, 80
2429, 08
2430, 51
2431, 71
2432, 87
2433, 79
2434, 88
2435, 63
2436, 14
2437, 55
2438, 60
2439, 06
2440, 02
2441, 33
2442, 82
2443, 56
2444, 97
2445, 46
2446, 68
2447, 59
2448, 72
2449, 71
2450, 40
2451, 47
2452, 74
2453, 80
2454, 97
2455, 26
2456, 41
2457, 96
2458, 40
2459, 27
2460, 28
2461, 88
2462, 04
2463, 35
2464, 82
2465, 45
2466, 18
2467, 57
2468, 95
2469, 39
2470, 37
2471, 77
2472, 89
2473, 37
2474, 81
2475, 71
2476, 49
2477, 79
2478, 07
2479, 68
2480, 80
2481, 49
2482, 43
2483, 46
2484, 76
2485, 32
2486, 75
2487, 42
2488, 36
2489, 35
2490, 89
2491, 06
2492, 96
2493, 96
2494, 52
2495, 66
2496, 75
2497, 18
2498, 23
2499, 93
2500, 68
2501, 12
2502, 57
2503, 02
2504, 27
2505, 87
2506, 03
2507, 43
2508, 79
2509, 73
2510, 71
2511, 35
2512, 79
2513, 66
2514, 68
2515, 45
2516, 84
2517, 19
2518, 67
2519, 01
2520, 52
2521, 56
2522, 69
2523, 77
2524, 70
2525, 59
2526, 70
2527, 74
2528, 13
2529, 73
2530, 36
2531, 27
2532, 45
2533, 77
2534, 29
2535, 86
2536, 26
2537, 33
2538, 68
2539, 46
2540, 30
2541, 60
2542, 16
2543, 07
2544, 46
2545, 59
2546, 04
2547, 85
2548, 05
2549, 65
2550, 61
2551, 55
2552, 60
2553, 96
2554, 72
2555, 84
2556, 41
2557, 56
2558, 99
2559, 46
2560, 80
2561, 92
2562, 40
2563, 51
2564, 36
2565, 63
2566, 99
2567, 58
2568, 73
2569, 72
2570, 22
2571, 30
2572, 53
2573, 82
2574, 07
2575, 11
2576, 28
2577, 67
2578, 77
2579, 04
2580, 02
2581, 66
2582, 09
2583, 43
2584, 38
2585, 67
2586, 41
2587, 56
2588, 97
2589, 91
2590, 70
2591, 07
2592, 84
2593, 18
2594, 69
2595, 74
2596, 87
2597, 57
2598, 76
2599, 03
2600, 24
2601, 51
2602, 63
2603, 29
2604, 89
2605, 08
2606, 36
2607, 55
2608, 73
2609, 57
2610, 21
2611, 65
2612, 31
2613, 03
2614, 20
2615, 23
2616, 07
2617, 59
2618, 45
2619, 03
2620, 17
2621, 46
2622, 28
2623, 92
2624, 53
2625, 27
2626, 69
2627, 77
2628, 77
2629, 50
2630, 04
2631, 12
2632, 84
2633, 86
2634, 75
2635, 84
2636, 68
2637, 16
2638, 48
2639, 49
2640, 87
2641, 35
2642, 18
2643, 61
2644, 72
2645, 76
2646, 94
2647, 70
2648, 12
2649, 42
2650, 42
2651, 21
2652, 45
2653, 82
2654, 79
2655, 40
2656, 23
2657, 72
2658, 27
2659, 08
2660, 33
2661, 25
2662, 20
2663, 00
2664, 13
2665, 75
2666, 42
2667, 55
2668, 35
2669, 11
2670, 00
2671, 73
2672, 12
2673, 98
2674, 25
2675, 44
2676, 71
2677, 00
2678, 83
2679, 17
2680, 12
2681, 32
2682, 74
2683, 03
2684, 75
2685, 33
2686, 04
2687, 70
2688, 44
2689, 50
2690, 95
2691, 82
2692, 60
2693, 18
2694, 09
2695, 94
2696, 79
2697, 79
2698, 09
2699, 99
2700, 94
2701, 12
2702, 60
2703, 76
2704, 11
2705, 49
2706, 59
2707, 85
2708, 69
2709, 59
2710, 52
2711, 95
2712, 80
2713, 57
2714, 38
2715, 04
2716, 10
2717, 02
2718, 32
2719, 15
2720, 38
2721, 75
2722, 64
2723, 58
2724, 72
2725, 37
2726, 79
2727, 94
2728, 04
2729, 04
2730, 60
2731, 10
2732, 24
2733, 04
2734, 54
2735, 98
2736, 04
2737, 14
2738, 05
2739, 23
2740, 71
2741, 15
2742, 04
2743, 10
2744, 64
2745, 74
2746, 57
2747, 22
2748, 50
2749, 90
2750, 91
2751, 53
2752, 92
2753, 55
2754, 55
2755, 28
2756, 06
2757, 55
2758, 46
2759, 20
2760, 94
2761, 96
2762, 45
2763, 21
2764, 59
2765, 60
2766, 70
2767, 77
2768, 80
2769, 87
2770, 13
2771, 42
2772, 33
2773, 10
2774, 05
2775, 48
2776, 10
2777, 90
2778, 31
2779, 91
2780, 21
2781, 74
2782, 51
2783, 95
2784, 68
2785, 47
2786, 21
2787, 97
2788, 25
2789, 35
2790, 30
2791, 15
2792, 50
2793, 27
2794, 76
2795, 72
2796, 25
2797, 88
2798, 18
2799, 69
2800, 63
2801, 38
2802, 86
2803, 99
2804, 06
2805, 55
2806, 08
2807, 60
2808, 25
2809, 79
2810, 16
2811, 69
2812, 36
2813, 34
2814, 75
2815, 96
2816, 40
2817, 87
2818, 75
2819, 21
2820, 33
2821, 95
2822, 36
2823, 56
2824, 08
2825, 99
2826, 72
2827, 97
2828, 89
2829, 25
2830, 30
2831, 67
2832, 28
2833, 18
2834, 93
2835, 14
2836, 58
2837, 85
2838, 33
2839, 56
2840, 68
2841, 10
2842, 86
2843, 49
2844, 88
2845, 60
2846, 76
2847, 10
2848, 63
2849, 67
2850, 62
2851, 17
2852, 75
2853, 24
2854, 55
2855, 34
2856, 16
2857, 00
2858, 72
2859, 65
2860, 85
2861, 63
2862, 43
2863, 59
2864, 27
2865, 58
2866, 46
2867, 36
2868, 39
2869, 99
2870, 72
2871, 72
2872, 72
2873, 04
2874, 33
2875, 27
2876, 50
2877, 07
2878, 38
2879, 37
2880, 87
2881, 03
2882, 15
2883, 74
2884, 35
2885, 49
2886, 24
2887, 36
2888, 32
2889, 90
2890, 76
2891, 09
2892, 82
2893, 78
2894, 78
2895, 87
2896, 19
2897, 47
2898, 74
2899, 71
2900, 27
2901, 51
2902, 14
2903, 13
2904, 07
2905, 62
2906, 46
2907, 72
2908, 59
2909, 19
2910, 33
2911, 94
2912, 21
2913, 04
2914, 96
2915, 16
2916, 26
2917, 47
2918, 95
2919, 53
2920, 28
2921, 57
2922, 32
2923, 31
2924, 65
2925, 48
2926, 42
2927, 90
2928, 01
2929, 56
2930, 96
2931, 18
2932, 60
2933, 05
2934, 89
2935, 75
2936, 36
2937, 99
2938, 55
2939, 81
2940, 50
2941, 76
2942, 96
2943, 47
2944, 87
2945, 59
2946, 32
2947, 07
2948, 18
2949, 13
2950, 95
2951, 30
2952, 57
2953, 46
2954, 92
2955, 71
2956, 40
2957, 85
2958, 78
2959, 59
2960, 06
2961, 57
2962, 94
2963, 37
2964, 92
2965, 41
2966, 40
2967, 73
2968, 73
2969, 56
2970, 40
2971, 56
2972, 48
2973, 64
2974, 01
2975, 55
2976, 97
2977, 94
2978, 28
2979, 62
2980, 60
2981, 07
2982, 01
2983, 23
2984, 34
2985, 32
2986, 00
2987, 78
2988, 81
2989, 28
2990, 10
2991, 16
2992, 33
2993, 13
2994, 01
2995, 99
2996, 52
2997, 13
2998, 75
2999, 87
3000, 92