number,label
0001, 70
0002, 42
0003, 58
0004, 89
0005, 33
0006, 60
0007, 07
0008, 35
0009, 47
0010, 11
0011, 68
0012, 97
0013, 73
0014, 47
0015, 96
0016, 47
0017, 12
0018, 32
0019, 26
0020, 50
0021, 36
0022, 45
0023, 12
0024, 23
0025, 23
0026, 48
0027, 70
0028, 76
0029, 27
0030, 42
0031, 21
0032, 92
0033, 16
0034, 02
0035, 54
0036, 20
0037, 69
0038, 22
0039, 64
0040, 18
0041, 37
0042, 28
0043, 43
0044, 81
0045, 99
0046, 82
0047, 25
0048, 63
0049, 90
0050, 09
0051, 60
0052, 96
0053, 27
0054, 12
0055, 78
0056, 50
0057, 63
0058, 41
0059, 23
0060, 27
0061, 96
0062, 18
0063, 75
0064, 61
0065, 55
0066, 23
0067, 57
0068, 51
0069, 01
0070, 06
0071, 98
0072, 36
0073, 32
0074, 20
0075, 74
0076, 80
0077, 40
0078, 24
0079, 97
0080, 42
0081, 60
0082, 21
0083, 00
0084, 11
0085, 73
0086, 71
0087, 10
0088, 33
0089, 21
0090, 77
0091, 82
0092, 73
0093, 03
0094, 22
0095, 18
0096, 21
0097, 25
0098, 21
0099, 84
0100, 06
0101, 79
0102, 04
0103, 30
0104, 06
0105, 33
0106, 39
0107, 99
0108, 69
0109, 04
0110, 70
0111, 13
0112, 13
0113, 39
0114, 64
0115, 60
0116, 71
0117, 55
0118, 52
0119, 16
0120, 27
0121, 10
0122, 11
0123, 68
0124, 74
0125, 65
0126, 61
0127, 98
0128, 17
0129, 96
0130, 01
0131, 82
0132, 83
0133, 85
0134, 94
0135, 13
0136, 33
0137, 57
0138, 01
0139, 04
0140, 67
0141, 09
0142, 00
0143, 03
0144, 24
0145, 31
0146, 29
0147, 35
0148, 07
0149, 66
0150, 82
0151, 00
0152, 27
0153, 66
0154, 03
0155, 08
0156, 49
0157, 27
0158, 55
0159, 74
0160, 47
0161, 28
0162, 63
0163, 79
0164, 34
0165, 58
0166, 34
0167, 73
0168, 12
0169, 83
0170, 74
0171, 48
0172, 46
0173, 75
0174, 38
0175, 21
0176, 39
0177, 29
0178, 67
0179, 32
0180, 27
0181, 27
0182, 74
0183, 30
0184, 71
0185, 22
0186, 20
0187, 86
0188, 26
0189, 04
0190, 99
0191, 30
0192, 67
0193, 82
0194, 23
0195, 64
0196, 43
0197, 60
0198, 43
0199, 97
0200, 76
0201, 54
0202, 28
0203, 58
0204, 93
0205, 80
0206, 61
0207, 30
0208, 00
0209, 15
0210, 11
0211, 18
0212, 64
0213, 70
0214, 07
0215, 12
0216, 98
0217, 86
0218, 81
0219, 04
0220, 36
0221, 73
0222, 62
0223, 04
0224, 04
0225, 02
0226, 24
0227, 37
0228, 67
0229, 07
0230, 72
0231, 96
0232, 39
0233, 46
0234, 05
0235, 53
0236, 57
0237, 07
0238, 88
0239, 55
0240, 32
0241, 71
0242, 57
0243, 11
0244, 62
0245, 68
0246, 57
0247, 63
0248, 24
0249, 86
0250, 39
0251, 90
0252, 32
0253, 33
0254, 69
0255, 51
0256, 78
0257, 04
0258, 77
0259, 64
0260, 04
0261, 75
0262, 15
0263, 36
0264, 96
0265, 37
0266, 27
0267, 34
0268, 27
0269, 18
0270, 99
0271, 35
0272, 30
0273, 61
0274, 12
0275, 53
0276, 78
0277, 32
0278, 55
0279, 23
0280, 03
0281, 91
0282, 51
0283, 51
0284, 60
0285, 77
0286, 04
0287, 08
0288, 62
0289, 69
0290, 94
0291, 62
0292, 33
0293, 11
0294, 94
0295, 01
0296, 66
0297, 72
0298, 95
0299, 18
0300, 11
0301, 87
0302, 98
0303, 41
0304, 42
0305, 22
0306, 25
0307, 71
0308, 31
0309, 89
0310, 55
0311, 21
0312, 91
0313, 12
0314, 18
0315, 13
0316, 46
0317, 71
0318, 43
0319, 62
0320, 57
0321, 95
0322, 33
0323, 11
0324, 55
0325, 61
0326, 10
0327, 55
0328, 18
0329, 37
0330, 45
0331, 53
0332, 69
0333, 74
0334, 70
0335, 96
0336, 17
0337, 04
0338, 59
0339, 33
0340, 96
0341, 59
0342, 06
0343, 66
0344, 83
0345, 07
0346, 60
0347, 28
0348, 18
0349, 69
0350, 79
0351, 22
0352, 86
0353, 27
0354, 50
0355, 51
0356, 04
0357, 60
0358, 42
0359, 30
0360, 24
0361, 12
0362, 42
0363, 03
0364, 41
0365, 83
0366, 19
0367, 79
0368, 45
0369, 88
0370, 67
0371, 04
0372, 44
0373, 70
0374, 63
0375, 09
0376, 70
0377, 57
0378, 57
0379, 45
0380, 27
0381, 85
0382, 97
0383, 43
0384, 96
0385, 49
0386, 90
0387, 04
0388, 86
0389, 80
0390, 67
0391, 18
0392, 85
0393, 21
0394, 70
0395, 30
0396, 25
0397, 23
0398, 99
0399, 33
0400, 67
0401, 11
0402, 42
0403, 22
0404, 62
0405, 95
0406, 34
0407, 69
0408, 33
0409, 17
0410, 56
0411, 10
0412, 78
0413, 73
0414, 96
0415, 97
0416, 39
0417, 24
0418, 09
0419, 28
0420, 01
0421, 47
0422, 56
0423, 95
0424, 97
0425, 10
0426, 33
0427, 79
0428, 88
0429, 77
0430, 55
0431, 48
0432, 17
0433, 58
0434, 21
0435, 87
0436, 97
0437, 04
0438, 04
0439, 72
0440, 78
0441, 75
0442, 13
0443, 75
0444, 99
0445, 08
0446, 16
0447, 46
0448, 69
0449, 62
0450, 33
0451, 65
0452, 95
0453, 07
0454, 03
0455, 23
0456, 16
0457, 55
0458, 90
0459, 59
0460, 79
0461, 33
0462, 83
0463, 95
0464, 04
0465, 77
0466, 13
0467, 60
0468, 78
0469, 17
0470, 58
0471, 38
0472, 27
0473, 70
0474, 80
0475, 36
0476, 85
0477, 33
0478, 42
0479, 75
0480, 14
0481, 28
0482, 38
0483, 11
0484, 97
0485, 11
0486, 05
0487, 27
0488, 19
0489, 18
0490, 04
0491, 60
0492, 70
0493, 27
0494, 18
0495, 53
0496, 40
0497, 98
0498, 93
0499, 10
0500, 53
0501, 12
0502, 37
0503, 82
0504, 33
0505, 46
0506, 70
0507, 48
0508, 31
0509, 03
0510, 22
0511, 03
0512, 51
0513, 79
0514, 23
0515, 09
0516, 52
0517, 81
0518, 70
0519, 46
0520, 95
0521, 33
0522, 71
0523, 40
0524, 80
0525, 44
0526, 14
0527, 29
0528, 96
0529, 80
0530, 25
0531, 98
0532, 05
0533, 24
0534, 18
0535, 27
0536, 44
0537, 41
0538, 27
0539, 18
0540, 18
0541, 96
0542, 37
0543, 84
0544, 87
0545, 36
0546, 04
0547, 64
0548, 71
0549, 71
0550, 04
0551, 15
0552, 04
0553, 74
0554, 60
0555, 89
0556, 44
0557, 73
0558, 45
0559, 55
0560, 01
0561, 27
0562, 18
0563, 17
0564, 27
0565, 71
0566, 02
0567, 60
0568, 37
0569, 56
0570, 92
0571, 82
0572, 17
0573, 48
0574, 85
0575, 08
0576, 65
0577, 58
0578, 97
0579, 58
0580, 23
0581, 10
0582, 18
0583, 18
0584, 79
0585, 04
0586, 18
0587, 35
0588, 63
0589, 51
0590, 71
0591, 58
0592, 05
0593, 99
0594, 71
0595, 06
0596, 50
0597, 78
0598, 61
0599, 96
0600, 96
0601, 22
0602, 95
0603, 16
0604, 27
0605, 08
0606, 63
0607, 76
0608, 06
0609, 73
0610, 42
0611, 84
0612, 17
0613, 20
0614, 29
0615, 15
0616, 50
0617, 71
0618, 74
0619, 44
0620, 19
0621, 36
0622, 47
0623, 26
0624, 99
0625, 62
0626, 90
0627, 34
0628, 05
0629, 24
0630, 69
0631, 11
0632, 68
0633, 51
0634, 63
0635, 70
0636, 68
0637, 00
0638, 67
0639, 20
0640, 69
0641, 55
0642, 44
0643, 12
0644, 64
0645, 91
0646, 06
0647, 06
0648, 35
0649, 07
0650, 02
0651, 18
0652, 83
0653, 65
0654, 07
0655, 27
0656, 40
0657, 60
0658, 70
0659, 73
0660, 31
0661, 17
0662, 41
0663, 61
0664, 84
0665, 97
0666, 71
0667, 96
0668, 97
0669, 08
0670, 04
0671, 41
0672, 23
0673, 37
0674, 82
0675, 20
0676, 27
0677, 23
0678, 51
0679, 28
0680, 01
0681, 08
0682, 06
0683, 93
0684, 07
0685, 32
0686, 55
0687, 79
0688, 27
0689, 73
0690, 85
0691, 55
0692, 81
0693, 56
0694, 69
0695, 96
0696, 35
0697, 23
0698, 54
0699, 37
0700, 32
0701, 05
0702, 17
0703, 15
0704, 80
0705, 26
0706, 28
0707, 15
0708, 39
0709, 68
0710, 28
0711, 31
0712, 32
0713, 58
0714, 18
0715, 01
0716, 38
0717, 94
0718, 36
0719, 61
0720, 18
0721, 81
0722, 79
0723, 48
0724, 04
0725, 78
0726, 03
0727, 83
0728, 23
0729, 42
0730, 63
0731, 89
0732, 38
0733, 27
0734, 30
0735, 28
0736, 21
0737, 94
0738, 35
0739, 22
0740, 52
0741, 70
0742, 66
0743, 33
0744, 26
0745, 64
0746, 90
0747, 97
0748, 18
0749, 18
0750, 57
0751, 20
0752, 70
0753, 69
0754, 41
0755, 66
0756, 04
0757, 50
0758, 91
0759, 78
0760, 32
0761, 06
0762, 90
0763, 05
0764, 61
0765, 38
0766, 87
0767, 44
0768, 47
0769, 59
0770, 52
0771, 33
0772, 41
0773, 67
0774, 08
0775, 60
0776, 54
0777, 96
0778, 73
0779, 00
0780, 03
0781, 52
0782, 83
0783, 64
0784, 44
0785, 18
0786, 70
0787, 62
0788, 24
0789, 29
0790, 76
0791, 55
0792, 70
0793, 48
0794, 66
0795, 61
0796, 03
0797, 23
0798, 81
0799, 01
0800, 04
0801, 95
0802, 04
0803, 68
0804, 73
0805, 27
0806, 73
0807, 65
0808, 56
0809, 23
0810, 87
0811, 98
0812, 90
0813, 74
0814, 29
0815, 47
0816, 95
0817, 04
0818, 09
0819, 50
0820, 10
0821, 44
0822, 46
0823, 22
0824, 37
0825, 33
0826, 25
0827, 37
0828, 90
0829, 35
0830, 71
0831, 11
0832, 96
0833, 39
0834, 53
0835, 51
0836, 20
0837, 52
0838, 45
0839, 67
0840, 09
0841, 86
0842, 70
0843, 06
0844, 42
0845, 11
0846, 74
0847, 96
0848, 72
0849, 16
0850, 73
0851, 73
0852, 12
0853, 02
0854, 55
0855, 70
0856, 18
0857, 49
0858, 22
0859, 55
0860, 02
0861, 51
0862, 16
0863, 82
0864, 55
0865, 89
0866, 82
0867, 82
0868, 64
0869, 86
0870, 76
0871, 51
0872, 20
0873, 96
0874, 39
0875, 55
0876, 60
0877, 14
0878, 71
0879, 02
0880, 04
0881, 09
0882, 67
0883, 06
0884, 70
0885, 94
0886, 48
0887, 32
0888, 96
0889, 47
0890, 36
0891, 23
0892, 67
0893, 08
0894, 66
0895, 07
0896, 27
0897, 67
0898, 81
0899, 12
0900, 96
0901, 06
0902, 46
0903, 97
0904, 85
0905, 52
0906, 81
0907, 21
0908, 12
0909, 40
0910, 76
0911, 59
0912, 91
0913, 17
0914, 88
0915, 65
0916, 67
0917, 10
0918, 24
0919, 35
0920, 73
0921, 89
0922, 46
0923, 89
0924, 26
0925, 51
0926, 73
0927, 90
0928, 04
0929, 09
0930, 00
0931, 68
0932, 81
0933, 33
0934, 04
0935, 58
0936, 34
0937, 32
0938, 67
0939, 43
0940, 86
0941, 20
0942, 99
0943, 60
0944, 35
0945, 80
0946, 13
0947, 31
0948, 27
0949, 70
0950, 61
0951, 26
0952, 90
0953, 14
0954, 20
0955, 06
0956, 87
0957, 48
0958, 00
0959, 30
0960, 96
0961, 17
0962, 27
0963, 85
0964, 03
0965, 30
0966, 69
0967, 69
0968, 60
0969, 79
0970, 07
0971, 84
0972, 66
0973, 56
0974, 16
0975, 91
0976, 71
0977, 25
0978, 92
0979, 30
0980, 66
0981, 97
0982, 94
0983, 11
0984, 04
0985, 24
0986, 08
0987, 68
0988, 85
0989, 04
0990, 10
0991, 25
0992, 18
0993, 45
0994, 60
0995, 07
0996, 48
0997, 46
0998, 99
0999, 23
1000, 95
1001, 06
1002, 73
1003, 69
1004, 89
1005, 63
1006, 87
1007, 74
1008, 20
1009, 62
1010, 25
1011, 71
1012, 85
1013, 80
1014, 23
1015, 61
1016, 11
1017, 60
1018, 71
1019, 42
1020, 26
1021, 27
1022, 91
1023, 18
1024, 19
1025, 64
1026, 39
1027, 60
1028, 05
1029, 33
1030, 96
1031, 71
1032, 41
1033, 33
1034, 96
1035, 64
1036, 88
1037, 99
1038, 85
1039, 63
1040, 25
1041, 36
1042, 06
1043, 35
1044, 55
1045, 95
1046, 29
1047, 84
1048, 86
1049, 66
1050, 65
1051, 65
1052, 91
1053, 58
1054, 35
1055, 81
1056, 41
1057, 39
1058, 83
1059, 82
1060, 08
1061, 41
1062, 67
1063, 82
1064, 98
1065, 90
1066, 81
1067, 71
1068, 68
1069, 04
1070, 06
1071, 36
1072, 88
1073, 96
1074, 71
1075, 37
1076, 97
1077, 08
1078, 90
1079, 71
1080, 56
1081, 80
1082, 90
1083, 71
1084, 94
1085, 05
1086, 12
1087, 27
1088, 07
1089, 73
1090, 85
1091, 11
1092, 50
1093, 11
1094, 41
1095, 79
1096, 18
1097, 70
1098, 49
1099, 19
1100, 54
1101, 73
1102, 55
1103, 80
1104, 08
1105, 74
1106, 04
1107, 40
1108, 49
1109, 92
1110, 54
1111, 94
1112, 67
1113, 61
1114, 60
1115, 94
1116, 04
1117, 77
1118, 86
1119, 94
1120, 93
1121, 61
1122, 69
1123, 71
1124, 26
1125, 96
1126, 42
1127, 70
1128, 55
1129, 37
1130, 96
1131, 51
1132, 11
1133, 29
1134, 64
1135, 47
1136, 76
1137, 12
1138, 62
1139, 67
1140, 94
1141, 13
1142, 65
1143, 41
1144, 09
1145, 85
1146, 15
1147, 71
1148, 10
1149, 16
1150, 41
1151, 56
1152, 59
1153, 30
1154, 04
1155, 33
1156, 16
1157, 40
1158, 93
1159, 38
1160, 59
1161, 25
1162, 97
1163, 97
1164, 27
1165, 13
1166, 07
1167, 52
1168, 50
1169, 50
1170, 04
1171, 43
1172, 27
1173, 30
1174, 52
1175, 21
1176, 27
1177, 79
1178, 08
1179, 06
1180, 53
1181, 33
1182, 24
1183, 32
1184, 70
1185, 06
1186, 94
1187, 78
1188, 55
1189, 05
1190, 62
1191, 96
1192, 86
1193, 12
1194, 29
1195, 25
1196, 23
1197, 47
1198, 03
1199, 14
1200, 68
1201, 36
1202, 18
1203, 55
1204, 24
1205, 32
1206, 26
1207, 40
1208, 62
1209, 37
1210, 43
1211, 53
1212, 20
1213, 79
1214, 97
1215, 66
1216, 23
1217, 04
1218, 47
1219, 02
1220, 42
1221, 27
1222, 21
1223, 44
1224, 18
1225, 20
1226, 93
1227, 69
1228, 77
1229, 71
1230, 16
1231, 83
1232, 04
1233, 28
1234, 21
1235, 76
1236, 23
1237, 23
1238, 97
1239, 23
1240, 76
1241, 90
1242, 35
1243, 08
1244, 20
1245, 79
1246, 52
1247, 88
1248, 34
1249, 43
1250, 90
1251, 37
1252, 59
1253, 71
1254, 12
1255, 98
1256, 99
1257, 60
1258, 32
1259, 03
1260, 27
1261, 02
1262, 65
1263, 58
1264, 75
1265, 38
1266, 58
1267, 48
1268, 27
1269, 59
1270, 94
1271, 69
1272, 79
1273, 03
1274, 56
1275, 81
1276, 75
1277, 76
1278, 23
1279, 67
1280, 56
1281, 82
1282, 78
1283, 74
1284, 38
1285, 95
1286, 90
1287, 37
1288, 66
1289, 56
1290, 34
1291, 36
1292, 67
1293, 73
1294, 18
1295, 17
1296, 04
1297, 71
1298, 41
1299, 33
1300, 71
1301, 73
1302, 32
1303, 50
1304, 65
1305, 09
1306, 95
1307, 39
1308, 09
1309, 17
1310, 22
1311, 53
1312, 02
1313, 89
1314, 46
1315, 01
1316, 99
1317, 00
1318, 85
1319, 71
1320, 71
1321, 61
1322, 71
1323, 15
1324, 97
1325, 94
1326, 20
1327, 91
1328, 57
1329, 79
1330, 20
1331, 27
1332, 51
1333, 66
1334, 63
1335, 74
1336, 93
1337, 11
1338, 95
1339, 66
1340, 68
1341, 25
1342, 38
1343, 69
1344, 34
1345, 06
1346, 31
1347, 31
1348, 09
1349, 56
1350, 58
1351, 86
1352, 50
1353, 82
1354, 30
1355, 75
1356, 76
1357, 40
1358, 37
1359, 70
1360, 52
1361, 65
1362, 73
1363, 32
1364, 20
1365, 04
1366, 57
1367, 77
1368, 91
1369, 99
1370, 62
1371, 22
1372, 04
1373, 17
1374, 24
1375, 32
1376, 96
1377, 77
1378, 36
1379, 35
1380, 30
1381, 99
1382, 50
1383, 86
1384, 91
1385, 27
1386, 60
1387, 69
1388, 09
1389, 42
1390, 60
1391, 38
1392, 23
1393, 03
1394, 00
1395, 92
1396, 75
1397, 86
1398, 64
1399, 27
1400, 73
1401, 35
1402, 19
1403, 06
1404, 98
1405, 97
1406, 40
1407, 39
1408, 10
1409, 32
1410, 23
1411, 97
1412, 35
1413, 09
1414, 98
1415, 97
1416, 79
1417, 69
1418, 69
1419, 86
1420, 87
1421, 10
1422, 11
1423, 96
1424, 60
1425, 84
1426, 69
1427, 10
1428, 29
1429, 18
1430, 33
1431, 55
1432, 18
1433, 30
1434, 63
1435, 72
1436, 04
1437, 24
1438, 04
1439, 94
1440, 63
1441, 71
1442, 72
1443, 38
1444, 70
1445, 79
1446, 55
1447, 28
1448, 93
1449, 99
1450, 25
1451, 52
1452, 92
1453, 48
1454, 22
1455, 19
1456, 96
1457, 26
1458, 00
1459, 94
1460, 82
1461, 96
1462, 38
1463, 03
1464, 74
1465, 11
1466, 07
1467, 03
1468, 55
1469, 46
1470, 84
1471, 42
1472, 39
1473, 66
1474, 70
1475, 80
1476, 29
1477, 05
1478, 41
1479, 27
1480, 70
1481, 23
1482, 39
1483, 98
1484, 25
1485, 86
1486, 61
1487, 84
1488, 42
1489, 17
1490, 26
1491, 63
1492, 18
1493, 49
1494, 65
1495, 11
1496, 65
1497, 91
1498, 05
1499, 24
1500, 05
1501, 30
1502, 68
1503, 26
1504, 32
1505, 07
1506, 03
1507, 88
1508, 70
1509, 55
1510, 16
1511, 80
1512, 36
1513, 10
1514, 95
1515, 86
1516, 53
1517, 30
1518, 51
1519, 42
1520, 12
1521, 74
1522, 92
1523, 18
1524, 90
1525, 43
1526, 23
1527, 55
1528, 54
1529, 33
1530, 45
1531, 69
1532, 64
1533, 63
1534, 85
1535, 53
1536, 31
1537, 95
1538, 63
1539, 29
1540, 15
1541, 04
1542, 01
1543, 03
1544, 63
1545, 42
1546, 23
1547, 87
1548, 93
1549, 18
1550, 88
1551, 25
1552, 84
1553, 34
1554, 55
1555, 62
1556, 12
1557, 90
1558, 96
1559, 78
1560, 90
1561, 18
1562, 60
1563, 64
1564, 66
1565, 51
1566, 62
1567, 43
1568, 18
1569, 87
1570, 88
1571, 35
1572, 09
1573, 99
1574, 48
1575, 41
1576, 14
1577, 42
1578, 62
1579, 27
1580, 74
1581, 77
1582, 50
1583, 16
1584, 91
1585, 87
1586, 83
1587, 11
1588, 32
1589, 31
1590, 33
1591, 38
1592, 85
1593, 04
1594, 18
1595, 71
1596, 01
1597, 41
1598, 13
1599, 77
1600, 70
1601, 96
1602, 62
1603, 86
1604, 76
1605, 34
1606, 95
1607, 79
1608, 61
1609, 71
1610, 69
1611, 29
1612, 03
1613, 04
1614, 42
1615, 70
1616, 64
1617, 17
1618, 84
1619, 17
1620, 69
1621, 19
1622, 32
1623, 07
1624, 91
1625, 03
1626, 63
1627, 31
1628, 83
1629, 39
1630, 78
1631, 64
1632, 70
1633, 79
1634, 82
1635, 51
1636, 43
1637, 55
1638, 79
1639, 08
1640, 28
1641, 94
1642, 95
1643, 12
1644, 60
1645, 63
1646, 05
1647, 22
1648, 65
1649, 12
1650, 59
1651, 45
1652, 89
1653, 01
1654, 32
1655, 37
1656, 72
1657, 63
1658, 14
1659, 91
1660, 41
1661, 18
1662, 60
1663, 30
1664, 18
1665, 21
1666, 81
1667, 05
1668, 05
1669, 85
1670, 97
1671, 37
1672, 20
1673, 71
1674, 62
1675, 55
1676, 73
1677, 67
1678, 04
1679, 57
1680, 38
1681, 04
1682, 18
1683, 18
1684, 91
1685, 83
1686, 80
1687, 71
1688, 65
1689, 57
1690, 44
1691, 98
1692, 83
1693, 81
1694, 88
1695, 91
1696, 95
1697, 72
1698, 20
1699, 60
1700, 14
1701, 91
1702, 39
1703, 65
1704, 42
1705, 34
1706, 60
1707, 18
1708, 13
1709, 26
1710, 69
1711, 63
1712, 32
1713, 80
1714, 09
1715, 34
1716, 63
1717, 09
1718, 22
1719, 01
1720, 60
1721, 63
1722, 66
1723, 42
1724, 44
1725, 32
1726, 03
1727, 87
1728, 18
1729, 55
1730, 97
1731, 96
1732, 97
1733, 08
1734, 15
1735, 96
1736, 62
1737, 76
1738, 71
1739, 76
1740, 04
1741, 54
1742, 38
1743, 47
1744, 41
1745, 23
1746, 71
1747, 28
1748, 79
1749, 96
1750, 77
1751, 97
1752, 61
1753, 56
1754, 63
1755, 36
1756, 28
1757, 98
1758, 32
1759, 68
1760, 39
1761, 18
1762, 85
1763, 66
1764, 52
1765, 01
1766, 59
1767, 69
1768, 09
1769, 43
1770, 04
1771, 07
1772, 47
1773, 87
1774, 22
1775, 79
1776, 87
1777, 01
1778, 70
1779, 55
1780, 95
1781, 70
1782, 76
1783, 16
1784, 63
1785, 04
1786, 21
1787, 79
1788, 15
1789, 73
1790, 12
1791, 19
1792, 69
1793, 96
1794, 43
1795, 28
1796, 75
1797, 94
1798, 42
1799, 80
1800, 95
1801, 79
1802, 30
1803, 81
1804, 42
1805, 62
1806, 44
1807, 90
1808, 35
1809, 99
1810, 65
1811, 04
1812, 85
1813, 40
1814, 33
1815, 27
1816, 30
1817, 64
1818, 53
1819, 32
1820, 91
1821, 64
1822, 71
1823, 21
1824, 17
1825, 35
1826, 48
1827, 41
1828, 29
1829, 71
1830, 00
1831, 18
1832, 67
1833, 68
1834, 06
1835, 73
1836, 26
1837, 04
1838, 28
1839, 68
1840, 79
1841, 54
1842, 54
1843, 76
1844, 62
1845, 47
1846, 28
1847, 73
1848, 83
1849, 04
1850, 72
1851, 30
1852, 79
1853, 55
1854, 76
1855, 30
1856, 79
1857, 04
1858, 53
1859, 96
1860, 37
1861, 76
1862, 99
1863, 15
1864, 63
1865, 95
1866, 55
1867, 40
1868, 39
1869, 00
1870, 70
1871, 43
1872, 81
1873, 20
1874, 95
1875, 82
1876, 51
1877, 97
1878, 61
1879, 35
1880, 29
1881, 56
1882, 71
1883, 90
1884, 06
1885, 27
1886, 79
1887, 97
1888, 16
1889, 73
1890, 63
1891, 18
1892, 18
1893, 86
1894, 60
1895, 46
1896, 60
1897, 07
1898, 19
1899, 39
1900, 64
1901, 03
1902, 82
1903, 24
1904, 20
1905, 27
1906, 55
1907, 25
1908, 14
1909, 12
1910, 27
1911, 21
1912, 47
1913, 37
1914, 68
1915, 04
1916, 32
1917, 45
1918, 28
1919, 46
1920, 90
1921, 52
1922, 56
1923, 33
1924, 61
1925, 91
1926, 22
1927, 44
1928, 33
1929, 74
1930, 55
1931, 12
1932, 17
1933, 14
1934, 60
1935, 05
1936, 58
1937, 16
1938, 62
1939, 70
1940, 81
1941, 84
1942, 97
1943, 71
1944, 99
1945, 26
1946, 11
1947, 10
1948, 35
1949, 33
1950, 20
1951, 62
1952, 57
1953, 00
1954, 04
1955, 42
1956, 17
1957, 73
1958, 12
1959, 60
1960, 90
1961, 02
1962, 31
1963, 12
1964, 18
1965, 29
1966, 51
1967, 08
1968, 12
1969, 61
1970, 60
1971, 89
1972, 35
1973, 74
1974, 16
1975, 09
1976, 37
1977, 53
1978, 71
1979, 00
1980, 94
1981, 73
1982, 73
1983, 45
1984, 45
1985, 80
1986, 73
1987, 38
1988, 57
1989, 73
1990, 37
1991, 97
1992, 91
1993, 29
1994, 21
1995, 23
1996, 22
1997, 81
1998, 55
1999, 55
2000, 71
2001, 78
2002, 32
2003, 46
2004, 91
2005, 04
2006, 04
2007, 09
2008, 66
2009, 27
2010, 69
2011, 12
2012, 75
2013, 27
2014, 71
2015, 99
2016, 62
2017, 46
2018, 03
2019, 58
2020, 83
2021, 32
2022, 55
2023, 73
2024, 21
2025, 55
2026, 67
2027, 97
2028, 91
2029, 71
2030, 79
2031, 14
2032, 20
2033, 42
2034, 90
2035, 02
2036, 04
2037, 42
2038, 33
2039, 27
2040, 16
2041, 97
2042, 61
2043, 46
2044, 45
2045, 73
2046, 35
2047, 23
2048, 17
2049, 42
2050, 56
2051, 16
2052, 73
2053, 57
2054, 53
2055, 27
2056, 06
2057, 56
2058, 91
2059, 13
2060, 71
2061, 67
2062, 24
2063, 18
2064, 50
2065, 74
2066, 73
2067, 81
2068, 11
2069, 69
2070, 03
2071, 26
2072, 77
2073, 49
2074, 55
2075, 44
2076, 24
2077, 48
2078, 00
2079, 96
2080, 97
2081, 57
2082, 02
2083, 70
2084, 57
2085, 91
2086, 88
2087, 33
2088, 19
2089, 95
2090, 64
2091, 54
2092, 91
2093, 96
2094, 05
2095, 55
2096, 37
2097, 80
2098, 38
2099, 70
2100, 06
2101, 94
2102, 33
2103, 73
2104, 99
2105, 33
2106, 58
2107, 12
2108, 94
2109, 97
2110, 04
2111, 41
2112, 75
2113, 55
2114, 45
2115, 06
2116, 23
2117, 67
2118, 24
2119, 47
2120, 78
2121, 10
2122, 38
2123, 67
2124, 73
2125, 66
2126, 79
2127, 09
2128, 27
2129, 46
2130, 35
2131, 18
2132, 86
2133, 80
2134, 24
2135, 23
2136, 62
2137, 11
2138, 52
2139, 68
2140, 91
2141, 35
2142, 18
2143, 56
2144, 04
2145, 68
2146, 84
2147, 23
2148, 55
2149, 60
2150, 61
2151, 07
2152, 71
2153, 43
2154, 95
2155, 74
2156, 63
2157, 96
2158, 01
2159, 97
2160, 00
2161, 94
2162, 39
2163, 90
2164, 87
2165, 73
2166, 62
2167, 39
2168, 40
2169, 43
2170, 84
2171, 12
2172, 77
2173, 67
2174, 68
2175, 20
2176, 04
2177, 89
2178, 12
2179, 15
2180, 03
2181, 11
2182, 74
2183, 73
2184, 23
2185, 56
2186, 32
2187, 54
2188, 87
2189, 51
2190, 68
2191, 62
2192, 70
2193, 27
2194, 76
2195, 32
2196, 44
2197, 55
2198, 37
2199, 28
2200, 07
2201, 37
2202, 29
2203, 78
2204, 43
2205, 34
2206, 40
2207, 46
2208, 51
2209, 95
2210, 56
2211, 11
2212, 70
2213, 46
2214, 60
2215, 05
2216, 32
2217, 37
2218, 26
2219, 07
2220, 12
2221, 04
2222, 51
2223, 03
2224, 17
2225, 20
2226, 71
2227, 70
2228, 27
2229, 05
2230, 04
2231, 68
2232, 32
2233, 75
2234, 29
2235, 80
2236, 76
2237, 25
2238, 71
2239, 55
2240, 37
2241, 22
2242, 29
2243, 96
2244, 04
2245, 94
2246, 50
2247, 66
2248, 64
2249, 32
2250, 19
2251, 14
2252, 39
2253, 52
2254, 52
2255, 32
2256, 38
2257, 67
2258, 60
2259, 75
2260, 47
2261, 98
2262, 76
2263, 67
2264, 76
2265, 04
2266, 58
2267, 21
2268, 44
2269, 51
2270, 22
2271, 00
2272, 69
2273, 64
2274, 56
2275, 53
2276, 27
2277, 00
2278, 10
2279, 42
2280, 76
2281, 32
2282, 37
2283, 23
2284, 58
2285, 69
2286, 74
2287, 69
2288, 01
2289, 96
2290, 09
2291, 06
2292, 90
2293, 60
2294, 73
2295, 12
2296, 10
2297, 65
2298, 59
2299, 59
2300, 45
2301, 71
2302, 39
2303, 35
2304, 90
2305, 62
2306, 73
2307, 27
2308, 85
2309, 48
2310, 84
2311, 00
2312, 60
2313, 09
2314, 97
2315, 20
2316, 11
2317, 03
2318, 30
2319, 18
2320, 25
2321, 80
2322, 98
2323, 95
2324, 84
2325, 25
2326, 32
2327, 56
2328, 18
2329, 33
2330, 59
2331, 34
2332, 10
2333, 41
2334, 04
2335, 79
2336, 69
2337, 41
2338, 55
2339, 89
2340, 27
2341, 34
2342, 78
2343, 26
2344, 29
2345, 80
2346, 45
2347, 42
2348, 48
2349, 73
2350, 27
2351, 23
2352, 65
2353, 95
2354, 68
2355, 35
2356, 95
2357, 24
2358, 09
2359, 04
2360, 07
2361, 63
2362, 56
2363, 51
2364, 99
2365, 00
2366, 75
2367, 94
2368, 82
2369, 91
2370, 60
2371, 97
2372, 18
2373, 49
2374, 76
2375, 75
2376, 21
2377, 04
2378, 52
2379, 96
2380, 01
2381, 04
2382, 60
2383, 09
2384, 66
2385, 04
2386, 00
2387, 55
2388, 22
2389, 49
2390, 87
2391, 42
2392, 27
2393, 67
2394, 12
2395, 82
2396, 91
2397, 45
2398, 95
2399, 05
2400, 55
2401, 88
2402, 72
2403, 03
2404, 36
2405, 82
2406, 69
2407, 63
2408, 88
2409, 26
2410, 69
2411, 05
2412, 62
2413, 40
2414, 33
2415, 74
2416, 59
2417, 29
2418, 10
2419, 05
2420, 63
2421, 65
2422, 95
2423, 39
2424, 04
2425, 08
2426, 86
2427, 70
2428, 56
2429, 08
2430, 51
2431, 69
2432, 28
2433, 79
2434, 19
2435, 73
2436, 14
2437, 27
2438, 28
2439, 06
2440, 73
2441, 71
2442, 82
2443, 56
2444, 97
2445, 46
2446, 68
2447, 59
2448, 72
2449, 71
2450, 40
2451, 47
2452, 55
2453, 80
2454, 97
2455, 26
2456, 45
2457, 96
2458, 40
2459, 42
2460, 69
2461, 88
2462, 33
2463, 35
2464, 82
2465, 32
2466, 18
2467, 83
2468, 71
2469, 39
2470, 12
2471, 77
2472, 89
2473, 17
2474, 37
2475, 33
2476, 49
2477, 79
2478, 07
2479, 68
2480, 65
2481, 71
2482, 38
2483, 11
2484, 76
2485, 32
2486, 75
2487, 66
2488, 36
2489, 39
2490, 89
2491, 93
2492, 96
2493, 96
2494, 52
2495, 66
2496, 75
2497, 18
2498, 23
2499, 93
2500, 23
2501, 12
2502, 27
2503, 35
2504, 27
2505, 87
2506, 80
2507, 43
2508, 04
2509, 73
2510, 71
2511, 02
2512, 79
2513, 66
2514, 68
2515, 45
2516, 84
2517, 19
2518, 67
2519, 01
2520, 52
2521, 56
2522, 69
2523, 36
2524, 18
2525, 33
2526, 62
2527, 23
2528, 13
2529, 67
2530, 36
2531, 27
2532, 45
2533, 55
2534, 29
2535, 16
2536, 34
2537, 96
2538, 37
2539, 46
2540, 95
2541, 71
2542, 16
2543, 74
2544, 11
2545, 59
2546, 37
2547, 50
2548, 05
2549, 79
2550, 61
2551, 04
2552, 60
2553, 71
2554, 97
2555, 51
2556, 41
2557, 56
2558, 99
2559, 46
2560, 80
2561, 70
2562, 40
2563, 51
2564, 36
2565, 27
2566, 99
2567, 58
2568, 91
2569, 72
2570, 22
2571, 73
2572, 33
2573, 82
2574, 07
2575, 35
2576, 28
2577, 67
2578, 77
2579, 30
2580, 11
2581, 66
2582, 09
2583, 43
2584, 30
2585, 09
2586, 41
2587, 55
2588, 97
2589, 91
2590, 70
2591, 07
2592, 16
2593, 18
2594, 69
2595, 74
2596, 87
2597, 85
2598, 76
2599, 76
2600, 24
2601, 51
2602, 63
2603, 29
2604, 89
2605, 08
2606, 36
2607, 03
2608, 73
2609, 83
2610, 21
2611, 79
2612, 31
2613, 03
2614, 20
2615, 23
2616, 24
2617, 47
2618, 45
2619, 15
2620, 17
2621, 46
2622, 50
2623, 70
2624, 53
2625, 93
2626, 12
2627, 27
2628, 57
2629, 04
2630, 04
2631, 12
2632, 91
2633, 86
2634, 75
2635, 84
2636, 33
2637, 16
2638, 48
2639, 49
2640, 94
2641, 98
2642, 44
2643, 61
2644, 72
2645, 76
2646, 94
2647, 15
2648, 12
2649, 88
2650, 42
2651, 21
2652, 45
2653, 62
2654, 79
2655, 40
2656, 96
2657, 04
2658, 27
2659, 08
2660, 33
2661, 60
2662, 20
2663, 00
2664, 07
2665, 75
2666, 43
2667, 55
2668, 04
2669, 43
2670, 00
2671, 73
2672, 35
2673, 97
2674, 25
2675, 44
2676, 71
2677, 00
2678, 83
2679, 17
2680, 37
2681, 32
2682, 97
2683, 79
2684, 75
2685, 91
2686, 69
2687, 83
2688, 44
2689, 64
2690, 69
2691, 62
2692, 71
2693, 44
2694, 09
2695, 94
2696, 26
2697, 79
2698, 69
2699, 99
2700, 62
2701, 49
2702, 23
2703, 49
2704, 55
2705, 49
2706, 59
2707, 12
2708, 69
2709, 59
2710, 59
2711, 71
2712, 33
2713, 57
2714, 27
2715, 06
2716, 10
2717, 02
2718, 32
2719, 15
2720, 38
2721, 75
2722, 97
2723, 58
2724, 63
2725, 49
2726, 79
2727, 25
2728, 04
2729, 04
2730, 60
2731, 61
2732, 59
2733, 04
2734, 54
2735, 35
2736, 04
2737, 14
2738, 05
2739, 05
2740, 71
2741, 15
2742, 27
2743, 61
2744, 64
2745, 74
2746, 57
2747, 22
2748, 67
2749, 90
2750, 91
2751, 53
2752, 54
2753, 04
2754, 55
2755, 28
2756, 06
2757, 19
2758, 46
2759, 20
2760, 94
2761, 96
2762, 45
2763, 21
2764, 96
2765, 60
2766, 62
2767, 77
2768, 80
2769, 87
2770, 71
2771, 27
2772, 33
2773, 10
2774, 05
2775, 48
2776, 10
2777, 90
2778, 31
2779, 91
2780, 21
2781, 18
2782, 51
2783, 95
2784, 68
2785, 47
2786, 21
2787, 97
2788, 25
2789, 35
2790, 10
2791, 15
2792, 74
2793, 27
2794, 76
2795, 30
2796, 25
2797, 43
2798, 06
2799, 69
2800, 63
2801, 97
2802, 39
2803, 99
2804, 27
2805, 55
2806, 08
2807, 60
2808, 25
2809, 79
2810, 76
2811, 69
2812, 36
2813, 34
2814, 75
2815, 32
2816, 40
2817, 87
2818, 73
2819, 04
2820, 24
2821, 69
2822, 36
2823, 56
2824, 55
2825, 78
2826, 98
2827, 08
2828, 41
2829, 25
2830, 73
2831, 99
2832, 28
2833, 18
2834, 93
2835, 67
2836, 58
2837, 04
2838, 33
2839, 56
2840, 16
2841, 10
2842, 86
2843, 49
2844, 42
2845, 60
2846, 76
2847, 10
2848, 96
2849, 67
2850, 62
2851, 17
2852, 75
2853, 24
2854, 55
2855, 34
2856, 16
2857, 00
2858, 31
2859, 36
2860, 85
2861, 80
2862, 97
2863, 59
2864, 27
2865, 58
2866, 04
2867, 64
2868, 86
2869, 18
2870, 72
2871, 72
2872, 72
2873, 04
2874, 27
2875, 78
2876, 83
2877, 24
2878, 38
2879, 39
2880, 87
2881, 93
2882, 44
2883, 74
2884, 46
2885, 49
2886, 77
2887, 36
2888, 55
2889, 12
2890, 37
2891, 69
2892, 82
2893, 18
2894, 78
2895, 84
2896, 15
2897, 47
2898, 74
2899, 71
2900, 04
2901, 51
2902, 14
2903, 58
2904, 07
2905, 62
2906, 46
2907, 72
2908, 59
2909, 11
2910, 33
2911, 94
2912, 02
2913, 27
2914, 96
2915, 16
2916, 26
2917, 47
2918, 55
2919, 53
2920, 16
2921, 57
2922, 32
2923, 31
2924, 65
2925, 48
2926, 42
2927, 90
2928, 73
2929, 14
2930, 96
2931, 18
2932, 60
2933, 05
2934, 37
2935, 75
2936, 03
2937, 99
2938, 35
2939, 23
2940, 91
2941, 39
2942, 83
2943, 47
2944, 94
2945, 59
2946, 32
2947, 07
2948, 27
2949, 13
2950, 91
2951, 73
2952, 34
2953, 11
2954, 62
2955, 71
2956, 40
2957, 29
2958, 18
2959, 59
2960, 31
2961, 57
2962, 94
2963, 37
2964, 70
2965, 41
2966, 40
2967, 73
2968, 71
2969, 56
2970, 69
2971, 56
2972, 48
2973, 38
2974, 11
2975, 04
2976, 97
2977, 94
2978, 28
2979, 70
2980, 60
2981, 24
2982, 01
2983, 60
2984, 34
2985, 32
2986, 00
2987, 78
2988, 18
2989, 28
2990, 61
2991, 71
2992, 96
2993, 81
2994, 01
2995, 99
2996, 52
2997, 13
2998, 75
2999, 60
3000, 54